    0.7692         0         0
    0.7134    0.0726         0
    0.6652    0.1353         0
    0.6230    0.1901         0
    0.5859    0.2383         0
    0.5530    0.2812         0
    0.5235    0.3194         0
    0.4971    0.3538         0
    0.4731    0.3849         0
    0.4514    0.4132         0
    0.4306    0.4380         0
    0.4040    0.4584         0
    0.3749    0.4808         0
    0.3428    0.5056         0
    0.3071    0.5330         0
    0.2674    0.5635         0
    0.2229    0.5978         0
    0.1726    0.6365         0
    0.1153    0.6805         0
    0.0496    0.7311         0
         0    0.7692    0.0261
         0    0.7692    0.1043
         0    0.7692    0.1825
         0    0.7692    0.2608
         0    0.7692    0.3390
         0    0.7692    0.4172
         0    0.7692    0.4954
         0    0.7692    0.5737
         0    0.7692    0.6519
         0    0.7692    0.7301
         0    0.7598    0.8005
         0    0.7386    0.8715
         0    0.7131    0.9562
         0    0.6441    1.0000
         0    0.5424    1.0000
         0    0.4407    1.0000
         0    0.3390    1.0000
         0    0.2373    1.0000
         0    0.1356    1.0000
         0    0.0339    1.0000
    0.0678         0    1.0000
    0.1695         0    1.0000
    0.2712         0    1.0000
    0.3729         0    1.0000
    0.4746         0    1.0000
    0.5763         0    1.0000
    0.6780         0    1.0000
    0.7221         0    0.9262
    0.7461         0    0.8465
